[[-0.05900027  0.99824579  0.00493151 -0.04859225]
 [ 0.88268648  0.04986167  0.46730973  1.0341634 ]
 [ 0.46624408  0.03192438 -0.88407991  1.7359585 ]
 [ 0.          0.          0.          1.        ]]
[[-0.05849521  0.99827155  0.00567584 -0.05518625]
 [ 0.88952603  0.04954073  0.45419067  1.14214484]
 [ 0.45312444  0.03161678 -0.89088642  1.7988129 ]
 [ 0.          0.          0.          1.        ]]
[[-0.05797918  0.9982972   0.00641261 -0.0616411 ]
 [ 0.89617055  0.04921526  0.44097188  1.25094602]
 [ 0.4399054   0.03131398 -0.89749801  1.85964778]
 [ 0.          0.          0.          1.        ]]
[[-0.05745229  0.99832271  0.00714165 -0.06795749]
 [ 0.90261861  0.04888533  0.42765626  1.36054197]
 [ 0.42658983  0.03101602 -0.90391323  1.91846994]
 [ 0.          0.          0.          1.        ]]
[[-0.05691466  0.99834808  0.00786282 -0.07413613]
 [ 0.90886878  0.04855101  0.41424672  1.47090773]
 [ 0.41318067  0.03072298 -0.91013067  1.97528624]
 [ 0.          0.          0.          1.        ]]
[[-0.0563664   0.99837332  0.00857595 -0.0801777 ]
 [ 0.91491969  0.04821238  0.40074621  1.58201832]
 [ 0.39968085  0.03043493 -0.91614897  2.03010349]
 [ 0.          0.          0.          1.        ]]
[[-0.05580765  0.9983984   0.00928089 -0.08608289]
 [ 0.92077003  0.04786951  0.38715768  1.69384878]
 [ 0.38609334  0.03015192 -0.92196681  2.08292853]
 [ 0.          0.          0.          1.        ]]
[[-0.05523851  0.99842334  0.00997748 -0.09185239]
 [ 0.9264185   0.04752248  0.37348411  1.80637414]
 [ 0.3724211   0.02987403 -0.92758292  2.13376819]
 [ 0.          0.          0.          1.        ]]
[[-0.05465912  0.99844811  0.01066556 -0.09748689]
 [ 0.93186387  0.04717135  0.3597285   1.91956942]
 [ 0.35866714  0.0296013  -0.93299606  2.1826293 ]
 [ 0.          0.          0.          1.        ]]
[[-0.05406959  0.99847272  0.011345   -0.10298708]
 [ 0.93710494  0.04681622  0.34589387  2.03340966]
 [ 0.34483446  0.0293338  -0.93820505  2.22951868]
 [ 0.          0.          0.          1.        ]]
[[-0.05347007  0.99849716  0.01201563 -0.10835366]
 [ 0.94214057  0.04645715  0.33198324  2.14786989]
 [ 0.33092611  0.02907158 -0.94320875  2.27444318]
 [ 0.          0.          0.          1.        ]]
[[-0.05286068  0.99852142  0.01267732 -0.11358731]
 [ 0.94696966  0.04609423  0.31799967  2.26292513]
 [ 0.31694513  0.02881471 -0.94800606  2.31740962]
 [ 0.          0.          0.          1.        ]]
[[-0.05224156  0.99854551  0.01332991 -0.11868873]
 [ 0.95159114  0.04572754  0.30394621  2.37855043]
 [ 0.30289458  0.02856325 -0.95259593  2.35842483]
 [ 0.          0.          0.          1.        ]]
[[-0.05161283  0.99856941  0.01397327 -0.1236586 ]
 [ 0.956004    0.04535714  0.28982596  2.4947208 ]
 [ 0.28877755  0.02831724 -0.95697736  2.39749564]
 [ 0.          0.          0.          1.        ]]
[[-0.05097464  0.99859312  0.01460725 -0.12849762]
 [ 0.96020727  0.04498314  0.275642    2.61141128]
 [ 0.27459712  0.02807674 -0.96114937  2.43462888]
 [ 0.          0.          0.          1.        ]]
[[-0.05032714  0.99861663  0.01523171 -0.13320648]
 [ 0.96420004  0.0446056   0.26139744  2.7285969 ]
 [ 0.26035642  0.0278418  -0.96511107  2.46983139]
 [ 0.          0.          0.          1.        ]]
[[-0.04967045  0.99863994  0.01584652 -0.13778587]
 [ 0.96798142  0.04422462  0.24709541  2.84625269]
 [ 0.24605854  0.02761248 -0.96886157  2.50310999]
 [ 0.          0.          0.          1.        ]]
[[-0.04900473  0.99866305  0.01645155 -0.14223647]
 [ 0.9715506   0.04384027  0.23273904  2.96435369]
 [ 0.23170664  0.02738882 -0.97240006  2.53447151]
 [ 0.          0.          0.          1.        ]]
[[-0.04833011  0.99868594  0.01704665 -0.14655899]
 [ 0.97490678  0.04345264  0.21833148  3.08287491]
 [ 0.21730386  0.02717088 -0.97572577  2.56392278]
 [ 0.          0.          0.          1.        ]]
[[-0.04764676  0.99870862  0.0176317  -0.1507541 ]
 [ 0.97804923  0.04306181  0.20387588  3.20179139]
 [ 0.20285335  0.0269587  -0.97883796  2.59147064]
 [ 0.          0.          0.          1.        ]]
[[-0.04695481  0.99873108  0.01820657 -0.15482251]
 [ 0.98097727  0.04266787  0.18937542  3.32107817]
 [ 0.18835828  0.02675232 -0.98173595  2.61712192]
 [ 0.          0.          0.          1.        ]]
[[-0.04625443  0.99875331  0.01877114 -0.1587649 ]
 [ 0.98369025  0.04227091  0.17483326  3.44071027]
 [ 0.17382183  0.0265518  -0.98441911  2.64088344]
 [ 0.          0.          0.          1.        ]]
[[-0.04554575  0.99877531  0.01932528 -0.16258196]
 [ 0.98618757  0.04187101  0.1602526   3.56066272]
 [ 0.15924718  0.02635718 -0.98688684  2.66276203]
 [ 0.          0.          0.          1.        ]]
[[-0.04482895  0.99879707  0.01986887 -0.16627438]
 [ 0.98846869  0.04146826  0.14563664  3.68091055]
 [ 0.14463752  0.0261685  -0.98913861  2.68276453]
 [ 0.          0.          0.          1.        ]]
[[-0.04410417  0.9988186   0.02040179 -0.16984287]
 [ 0.99053311  0.04106275  0.13098858  3.8014288 ]
 [ 0.12999607  0.0259858  -0.99117393  2.70089777]
 [ 0.          0.          0.          1.        ]]
[[-0.04337157  0.99883988  0.02092393 -0.17328809]
 [ 0.99238038  0.04065457  0.11631162  3.92219249]
 [ 0.11532603  0.02580911 -0.99299234  2.71716858]
 [ 0.          0.          0.          1.        ]]
[[-0.04263132  0.9988609   0.02143516 -0.17661075]
 [ 0.99401009  0.0402438   0.10160899  4.04317666]
 [ 0.10063061  0.02563849 -0.99459346  2.73158378]
 [ 0.          0.          0.          1.        ]]
[[-0.04188358  0.99888168  0.02193539 -0.17981154]
 [ 0.99542188  0.03983054  0.0868839   4.16435633]
 [ 0.08591304  0.02547397 -0.99597692  2.74415021]
 [ 0.          0.          0.          1.        ]]
[[-0.04112851  0.99890219  0.02242449 -0.18289115]
 [ 0.99661545  0.03941488  0.07213959  4.28570654]
 [ 0.07117653  0.02531558 -0.99714243  2.7548747 ]
 [ 0.          0.          0.          1.        ]]
[[-0.04036627  0.99892244  0.02290236 -0.18585026]
 [ 0.99759053  0.03899691  0.05737928  4.40720231]
 [ 0.05642433  0.02516336 -0.99808973  2.76376408]
 [ 0.          0.          0.          1.        ]]
[[-0.03959704  0.99894243  0.02336889 -0.18868958]
 [ 0.99834691  0.03857672  0.04260622  4.52881868]
 [ 0.04165966  0.02501734 -0.9988186   2.77082518]
 [ 0.          0.          0.          1.        ]]
[[-0.03882098  0.99896214  0.02382399 -0.19140978]
 [ 0.99888442  0.0381544   0.02782363  4.65053068]
 [ 0.02688577  0.02487756 -0.99932891  2.77606483]
 [ 0.          0.          0.          1.        ]]
[[-0.03803826  0.99898157  0.02426756 -0.19401156]
 [ 0.99920295  0.03773004  0.01303477  4.77231333]
 [ 0.01210588  0.02474403 -0.99962052  2.77948986]
 [ 0.          0.          0.          1.        ]]
[[-3.72490555e-02  9.99000722e-01  2.46994882e-02 -1.96495620e-01]
 [ 9.99302428e-01  3.73037488e-02 -1.75713738e-03  4.89414167e+00]
 [-2.67676502e-03  2.46168069e-02 -9.99693377e-01  2.78110710e+00]
 [ 0.00000000e+00  0.00000000e+00  0.00000000e+00  1.00000000e+00]]
[[-0.03645354  0.99901959  0.02511969 -0.19886264]
 [ 0.99918283  0.0368756  -0.01654884  5.01599073]
 [-0.01745892  0.0244959  -0.99954747  2.78092339]
 [ 0.          0.          0.          1.        ]]
[[-0.03565188  0.99903817  0.02552807 -0.20111331]
 [ 0.99884418  0.03644571 -0.0313371   5.13783554]
 [-0.03223735  0.02438134 -0.99918282  2.77894554]
 [ 0.          0.          0.          1.        ]]
[[-0.03484426  0.99905645  0.02592455 -0.20324832]
 [ 0.99828656  0.03601415 -0.04611867  5.25965112]
 [-0.04700881  0.02427316 -0.99859951  2.7751804 ]
 [ 0.          0.          0.          1.        ]]
[[-0.03403086  0.99907444  0.02630902 -0.20526837]
 [ 0.99751008  0.03558102 -0.06089032  5.38141252]
 [-0.06177006  0.02417137 -0.99779768  2.76963479]
 [ 0.          0.          0.          1.        ]]
[[-0.03321185  0.99909213  0.02668142 -0.20717415]
 [ 0.99651492  0.03514643 -0.07564881  5.50309475]
 [-0.07651788  0.024076   -0.99677749  2.76231554]
 [ 0.          0.          0.          1.        ]]
[[-0.0323874   0.99910951  0.02704165 -0.20896634]
 [ 0.9953013   0.03471045 -0.09039089  5.62467286]
 [-0.09124903  0.02398707 -0.99553917  2.75322949]
 [ 0.          0.          0.          1.        ]]
[[-0.03155772  0.99912658  0.02738965 -0.21064564]
 [ 0.99386947  0.0342732  -0.10511335  5.74612187]
 [-0.10596027  0.0239046  -0.99408299  2.74238346]
 [ 0.          0.          0.          1.        ]]
[[-0.03072296  0.99914334  0.02772532 -0.21221274]
 [ 0.99221977  0.03383477 -0.11981295  5.8674168 ]
 [-0.12064839  0.0238286  -0.99240927  2.72978429]
 [ 0.          0.          0.          1.        ]]
[[-0.02988332  0.99915978  0.02804861 -0.21366832]
 [ 0.99035254  0.03339524 -0.13448648  5.9885327 ]
 [-0.13531017  0.0237591  -0.99051838  2.7154388 ]
 [ 0.          0.          0.          1.        ]]
[[-0.02903899  0.9991759   0.02835943 -0.21501308]
 [ 0.98826819  0.03295473 -0.14913071  6.10944459]
 [-0.14994239  0.02369612 -0.98841073  2.69935383]
 [ 0.          0.          0.          1.        ]]
[[-0.02819014  0.9991917   0.02865772 -0.21624772]
 [ 0.98596719  0.03251332 -0.16374244  6.23012751]
 [-0.16454185  0.02363965 -0.98608679  2.68153621]
 [ 0.          0.          0.          1.        ]]
[[-0.02733696  0.99920717  0.02894342 -0.21737291]
 [ 0.98345003  0.03207111 -0.17831847  6.35055647]
 [-0.17910534  0.02358972 -0.98354705  2.66199276]
 [ 0.          0.          0.          1.        ]]
[[-0.02647964  0.99922231  0.02921645 -0.21838936]
 [ 0.98071728  0.03162819 -0.19285559  6.47070652]
 [-0.19362967  0.02354633 -0.98079209  2.64073032]
 [ 0.          0.          0.          1.        ]]
[[-0.02561837  0.99923712  0.02947677 -0.21929775]
 [ 0.97776952  0.03118468 -0.20735063  6.59055269]
 [-0.20811167  0.02350951 -0.9778225   2.61775571]
 [ 0.          0.          0.          1.        ]]
[[-0.02475333  0.99925159  0.02972432 -0.22009877]
 [ 0.97460741  0.03074066 -0.2218004   6.71006999]
 [-0.22254815  0.02347924 -0.97463893  2.59307578]
 [ 0.          0.          0.          1.        ]]
[[-0.02388472  0.99926572  0.02995904 -0.22079312]
 [ 0.97123163  0.03029622 -0.23620175  6.82923348]
 [-0.23693595  0.02345555 -0.97124209  2.56669734]
 [ 0.          0.          0.          1.        ]]
[[-0.02301273  0.99927951  0.03018087 -0.22138148]
 [ 0.96764293  0.02985148 -0.2505515   6.94801816]
 [-0.25127192  0.02343843 -0.96763271  2.53862724]
 [ 0.          0.          0.          1.        ]]
[[-0.02213754  0.99929295  0.03038978 -0.22186454]
 [ 0.96384209  0.02940652 -0.26484653  7.06639909]
 [-0.26555292  0.02342789 -0.96381159  2.50887229]
 [ 0.          0.          0.          1.        ]]
[[-0.02125936  0.99930604  0.03058571 -0.22224301]
 [ 0.95982995  0.02896144 -0.27908369  7.18435127]
 [-0.27977582  0.02342394 -0.95977956  2.47743933]
 [ 0.          0.          0.          1.        ]]
[[-0.02037836  0.99931878  0.03076862 -0.22251756]
 [ 0.95560738  0.02851634 -0.29325986  7.30184976]
 [-0.29393749  0.02342657 -0.95553752  2.4443352 ]
 [ 0.          0.          0.          1.        ]]
[[-0.01949475  0.99933116  0.03093848 -0.22268888]
 [ 0.95117532  0.02807132 -0.30737194  7.41886957]
 [-0.30803484  0.02343578 -0.95108638  2.40956671]
 [ 0.          0.          0.          1.        ]]
[[-0.01860871  0.99934319  0.03109523 -0.22275768]
 [ 0.94653473  0.02762647 -0.32141684  7.53538574]
 [-0.32206478  0.02345156 -0.94642712  2.37314071]
 [ 0.          0.          0.          1.        ]]
[[-0.01772045  0.99935485  0.03123886 -0.22272463]
 [ 0.94168663  0.0271819  -0.33539147  7.6513733 ]
 [-0.33602423  0.02347393 -0.94156077  2.33506402]
 [ 0.          0.          0.          1.        ]]
[[-0.01683016  0.99936615  0.03136933 -0.22259044]
 [ 0.93663208  0.0267377  -0.34929278  7.76680727]
 [-0.34991013  0.02350287 -0.9364884   2.29534347]
 [ 0.          0.          0.          1.        ]]
[[-0.01593803  0.99937709  0.03148661 -0.22235579]
 [ 0.93137219  0.02629396 -0.36311771  7.8816627 ]
 [-0.36371943  0.02353837 -0.9312111   2.25398589]
 [ 0.          0.          0.          1.        ]]
[[-0.01504425  0.99938766  0.03159067 -0.22202137]
 [ 0.92590811  0.02585079 -0.37686324  7.9959146 ]
 [-0.37744912  0.02358044 -0.92573005  2.21099812]
 [ 0.          0.          0.          1.        ]]
[[-0.01414903  0.99939786  0.0316815  -0.22158787]
 [ 0.92024105  0.02540828 -0.39052635  8.10953801]
 [-0.39109618  0.02362905 -0.92004644  2.16638698]
 [ 0.          0.          0.          1.        ]]
[[-0.01325256  0.99940769  0.03175906 -0.22105598]
 [ 0.91437224  0.02496653 -0.40410406  8.22250796]
 [-0.40465761  0.02368419 -0.91416151  2.12015931]
 [ 0.          0.          0.          1.        ]]
[[-0.01235503  0.99941714  0.03182336 -0.2204264 ]
 [ 0.90830296  0.02452563 -0.41759337  8.33479949]
 [-0.41813046  0.02374587 -0.90807657  2.07232193]
 [ 0.          0.          0.          1.        ]]
[[-0.01145665  0.99942622  0.03187436 -0.21969981]
 [ 0.90203456  0.02408569 -0.43099134  8.44638761]
 [-0.43151176  0.02381405 -0.90179293  2.02288168]
 [ 0.          0.          0.          1.        ]]
[[-0.01055761  0.99943492  0.03191206 -0.21887691]
 [ 0.8955684   0.02364679 -0.44429503  8.55724736]
 [-0.44479859  0.02388874 -0.89531198  1.97184538]
 [ 0.          0.          0.          1.        ]]
[[-0.0096581   0.99944324  0.03193645 -0.21795838]
 [ 0.88890589  0.02320904 -0.45750153  8.66735378]
 [-0.45798803  0.0239699  -0.88863514  1.91921987]
 [ 0.          0.          0.          1.        ]]
[[-8.75833343e-03  9.99451173e-01  3.19475309e-02 -2.16944927e-01]
 [ 8.82048514e-01  2.27725348e-02 -4.70607937e-01  8.77668189e+00]
 [-4.71077181e-01  2.40575309e-02 -8.81763871e-01  1.86501198e+00]
 [ 0.00000000e+00  0.00000000e+00  0.00000000e+00  1.00000000e+00]]
[[-7.85849349e-03  9.99458725e-01  3.19452929e-02 -2.15837227e-01]
 [ 8.74997757e-01  2.23373621e-02 -4.83611381e-01  8.88520672e+00]
 [-4.84063187e-01  2.41516028e-02 -8.74699680e-01  1.80922853e+00]
 [ 0.00000000e+00  0.00000000e+00  0.00000000e+00  1.00000000e+00]]
[[-6.95878206e-03  9.99465891e-01  3.19297389e-02 -2.14635976e-01]
 [ 8.67755169e-01  2.19036211e-02 -4.96509012e-01  8.99290330e+00]
 [-4.96943198e-01  2.42520980e-02 -8.67444115e-01  1.75187636e+00]
 [ 0.00000000e+00  0.00000000e+00  0.00000000e+00  1.00000000e+00]]
[[-6.05939632e-03  9.99472670e-01  3.19008723e-02 -2.13341864e-01]
 [ 8.60322337e-01  2.14714071e-02 -5.09298003e-01  9.09974667e+00]
 [-5.09714391e-01  2.43589946e-02 -8.59998767e-01  1.69296230e+00]
 [ 0.00000000e+00  0.00000000e+00  0.00000000e+00  1.00000000e+00]]
[[-5.16053340e-03  9.99479060e-01  3.18586994e-02 -2.11955583e-01]
 [ 8.52700890e-01  2.10408146e-02 -5.21975551e-01  9.20571185e+00]
 [-5.22373966e-01  2.44722691e-02 -8.52365266e-01  1.63249318e+00]
 [ 0.00000000e+00  0.00000000e+00  0.00000000e+00  1.00000000e+00]]
[[-4.26239030e-03  9.99485061e-01  3.18032294e-02 -2.10477823e-01]
 [ 8.44892499e-01  2.06119381e-02 -5.34538878e-01  9.31077388e+00]
 [-5.34919150e-01  2.45918967e-02 -8.44545287e-01  1.57047583e+00]
 [ 0.00000000e+00  0.00000000e+00  0.00000000e+00  1.00000000e+00]]
[[-3.36516388e-03  9.99490670e-01  3.17344745e-02 -2.08909274e-01]
 [ 8.36898876e-01  2.01848715e-02 -5.46985231e-01  9.41490778e+00]
 [-5.47347191e-01  2.47178511e-02 -8.36540543e-01  1.50691708e+00]
 [ 0.00000000e+00  0.00000000e+00  0.00000000e+00  1.00000000e+00]]
[[-2.46905079e-03  9.99495886e-01  3.16524498e-02 -2.07250628e-01]
 [ 8.28721771e-01  1.97597085e-02 -5.59311881e-01  9.51808858e+00]
 [-5.59655367e-01  2.48501048e-02 -8.28352789e-01  1.44182376e+00]
 [ 0.00000000e+00  0.00000000e+00  0.00000000e+00  1.00000000e+00]]
[[-1.57424742e-03  9.99500709e-01  3.15571732e-02 -2.05502576e-01]
 [ 8.20362978e-01  1.93365423e-02 -5.71516126e-01  9.62029132e+00]
 [-5.71840979e-01  2.49886288e-02 -8.19983819e-01  1.37520269e+00]
 [ 0.00000000e+00  0.00000000e+00  0.00000000e+00  1.00000000e+00]]
[[-6.80949910e-04  9.99505136e-01  3.14486657e-02 -2.03665807e-01]
 [ 8.11824329e-01  1.89154655e-02 -5.83595292e-01  9.72149103e+00]
 [-5.83901358e-01  2.51333928e-02 -8.11435467e-01  1.30706072e+00]
 [ 0.00000000e+00  0.00000000e+00  0.00000000e+00  1.00000000e+00]]
[[ 2.10645966e-04  9.99509168e-01  3.13269509e-02 -2.01741014e-01]
 [ 8.03107694e-01  1.84965705e-02 -5.95546731e-01  9.82166273e+00]
 [-5.95833859e-01  2.52843648e-02 -8.02709607e-01  1.23740468e+00]
 [ 0.00000000e+00  0.00000000e+00  0.00000000e+00  1.00000000e+00]]
[[ 1.10034479e-03  9.99512804e-01  3.11920557e-02 -1.99728886e-01]
 [ 7.94214984e-01  1.80799492e-02 -6.07367824e-01  9.92078146e+00]
 [-6.07635868e-01  2.54415120e-02 -7.93808152e-01  1.16624138e+00]
 [ 0.00000000e+00  0.00000000e+00  0.00000000e+00  1.00000000e+00]]
[[ 1.98795156e-03  9.99516042e-01  3.10440095e-02 -1.97630115e-01]
 [ 7.85148150e-01  1.76656927e-02 -6.19055980e-01  1.00188223e+01]
 [-6.19304797e-01  2.56047999e-02 -7.84733052e-01  1.09357767e+00]
 [ 0.00000000e+00  0.00000000e+00  0.00000000e+00  1.00000000e+00]]
[[ 2.87327174e-03  9.99518881e-01  3.08828448e-02 -1.95445391e-01]
 [ 7.75909176e-01  1.72538919e-02 -6.30608637e-01  1.01157601e+01]
 [-6.30838089e-01  2.57741926e-02 -7.75486297e-01  1.01942037e+00]
 [ 0.00000000e+00  0.00000000e+00  0.00000000e+00  1.00000000e+00]]
[[ 3.75611128e-03  9.99521322e-01  3.07085969e-02 -1.93175405e-01]
 [ 7.66500090e-01  1.68446371e-02 -6.42023264e-01  1.02115701e+01]
 [-6.42233216e-01  2.59496531e-02 -7.66069913e-01  9.43776311e-01]
 [ 0.00000000e+00  0.00000000e+00  0.00000000e+00  1.00000000e+00]]
[[ 4.63627669e-03  9.99523364e-01  3.05213040e-02 -1.90820848e-01]
 [ 7.56922952e-01  1.64380179e-02 -6.53297357e-01  1.03062273e+01]
 [-6.53487682e-01  2.61311428e-02 -7.56485964e-01  8.66652329e-01]
 [ 0.00000000e+00  0.00000000e+00  0.00000000e+00  1.00000000e+00]]
[[ 5.51357506e-03  9.99525006e-01  3.03210072e-02 -1.88382410e-01]
 [ 7.47179862e-01  1.60341236e-02 -6.64428447e-01  1.03997066e+01]
 [-6.64599018e-01  2.63186221e-02 -7.46736550e-01  7.88055251e-01]
 [ 0.00000000e+00  0.00000000e+00  0.00000000e+00  1.00000000e+00]]
[[ 6.38781411e-03  9.99526247e-01  3.01077503e-02 -1.85860783e-01]
 [ 7.37272955e-01  1.56330425e-02 -6.75414093e-01  1.04919831e+01]
 [-6.75564790e-01  2.65120497e-02 -7.36823809e-01  7.07991909e-01]
 [ 0.00000000e+00  0.00000000e+00  0.00000000e+00  1.00000000e+00]]
[[ 7.25880223e-03  9.99527089e-01  2.98815802e-02 -1.83256657e-01]
 [ 7.27204403e-01  1.52348626e-02 -6.86251889e-01  1.05830319e+01]
 [-6.86382594e-01  2.67113834e-02 -7.26749913e-01  6.26469132e-01]
 [ 0.00000000e+00  0.00000000e+00  0.00000000e+00  1.00000000e+00]]
[[ 8.12634851e-03  9.99527529e-01  2.96425463e-02 -1.80570724e-01]
 [ 7.16976413e-01  1.48396712e-02 -6.96939458e-01  1.06728279e+01]
 [-6.97050060e-01  2.69165794e-02 -7.16517070e-01  5.43493751e-01]
 [ 0.00000000e+00  0.00000000e+00  0.00000000e+00  1.00000000e+00]]
[[ 8.99026282e-03  9.99527569e-01  2.93907011e-02 -1.77803672e-01]
 [ 7.06591225e-01  1.44475549e-02 -7.07474458e-01  1.07613463e+01]
 [-7.07564849e-01  2.71275928e-02 -7.06127523e-01  4.59072597e-01]
 [ 0.00000000e+00  0.00000000e+00  0.00000000e+00  1.00000000e+00]]
[[ 9.85035580e-03  9.99527209e-01  2.91260997e-02 -1.74956194e-01]
 [ 6.96051118e-01  1.40585997e-02 -7.17854580e-01  1.08485619e+01]
 [-7.17924656e-01  2.73443773e-02 -6.95583548e-01  3.73212499e-01]
 [ 0.00000000e+00  0.00000000e+00  0.00000000e+00  1.00000000e+00]]
[[ 1.07064389e-02  9.99526447e-01  2.88488002e-02 -1.72028981e-01]
 [ 6.85358399e-01  1.36728907e-02 -7.28077549e-01  1.09344500e+01]
 [-7.28127212e-01  2.75668853e-02 -6.84887458e-01  2.85920289e-01]
 [ 0.00000000e+00  0.00000000e+00  0.00000000e+00  1.00000000e+00]]
[[ 0.01155832  0.99952529  0.02855886 -0.16902272]
 [ 0.67451541  0.01329051 -0.73814112 11.01898541]
 [-0.73817028  0.02779507 -0.6740416   0.1972028 ]
 [ 0.          0.          0.          1.        ]]
[[ 0.01240583  0.99952372  0.02825635 -0.16593811]
 [ 0.66352454  0.01291155 -0.7480431  11.10214326]
 [-0.74805166  0.02802888 -0.66304834  0.10706685]
 [ 0.          0.          0.          1.        ]]
[[ 0.01324876  0.99952176  0.02794133 -0.16277583]
 [ 0.65238818  0.01253608 -0.75778131 11.18389857]
 [-0.75776918  0.02826826 -0.6519101   0.01551929]
 [ 0.          0.          0.          1.        ]]
[[ 0.01408693  0.9995194   0.02761388 -0.15953659]
 [ 0.64110878  0.0121642  -0.76735361 11.26422636]
 [-0.76732072  0.02851316 -0.64062931 -0.07743307]
 [ 0.          0.          0.          1.        ]]
[[ 0.01492017  0.99951664  0.02727405 -0.15622105]
 [ 0.62968882  0.01179597 -0.77675791 11.34310166]
 [-0.77670418  0.02876353 -0.62920845 -0.17178338]
 [ 0.          0.          0.          1.        ]]
[[ 0.01574829  0.99951348  0.02692194 -0.15282993]
 [ 0.61813078  0.01143149 -0.78599215 11.4204995 ]
 [-0.78591751  0.02901931 -0.61765003 -0.26752483]
 [ 0.          0.          0.          1.        ]]
[[ 1.65711055e-02  9.99509926e-01  2.65576081e-02 -1.49363911e-01]
 [ 6.06437219e-01  1.10708308e-02 -7.95054297e-01  1.14963949e+01]
 [-7.94958677e-01  2.92804507e-02 -6.05956564e-01 -3.64650570e-01]
 [ 0.00000000e+00  0.00000000e+00  0.00000000e+00  1.00000000e+00]]
[[ 1.73884376e-02  9.99505973e-01  2.61811423e-02 -1.45823680e-01]
 [ 5.94610686e-01  1.07140719e-02 -8.03942374e-01  1.15707630e+01]
 [-8.03825712e-01  2.95468888e-02 -5.94130631e-01 -4.63153783e-01]
 [ 0.00000000e+00  0.00000000e+00  0.00000000e+00  1.00000000e+00]]
[[ 1.82001077e-02  9.99501624e-01  2.57926237e-02 -1.42209930e-01]
 [ 5.82653774e-01  1.03612923e-02 -8.12654430e-01  1.16435786e+01]
 [-8.12516668e-01  2.98185678e-02 -5.82174817e-01 -5.63027634e-01]
 [ 0.00000000e+00  0.00000000e+00  0.00000000e+00  1.00000000e+00]]
[[ 1.90059380e-02  9.99496880e-01  2.53921377e-02 -1.38523351e-01]
 [ 5.70569107e-01  1.00125693e-02 -8.21188555e-01  1.17148169e+01]
 [-8.21029640e-01  3.00954280e-02 -5.70091744e-01 -6.64265292e-01]
 [ 0.00000000e+00  0.00000000e+00  0.00000000e+00  1.00000000e+00]]
[[ 1.98057517e-02  9.99491742e-01  2.49797718e-02 -1.34764636e-01]
 [ 5.58359331e-01  9.66797942e-03 -8.29542879e-01  1.17844530e+01]
 [-8.29362761e-01  3.03774090e-02 -5.57884059e-01 -7.66859928e-01]
 [ 0.00000000e+00  0.00000000e+00  0.00000000e+00  1.00000000e+00]]
[[ 2.05993736e-02  9.99486212e-01  2.45556167e-02 -1.30934475e-01]
 [ 5.46027123e-01  9.32759813e-03 -8.37715570e-01  1.18524617e+01]
 [-8.37514207e-01  3.06644487e-02 -5.45554438e-01 -8.70804711e-01]
 [ 0.00000000e+00  0.00000000e+00  0.00000000e+00  1.00000000e+00]]
